0 0.80053 0.402138 0.163083 0.134071
2 0.73967 0.202865 0.278553 0.238117
1 0.807571 0.197336 0.142394 0.14842
0 0.802861 0.546289 0.164217 0.126101
6 0.270042 0.347097 0.271702 0.309215
2 0.565904 0.680729 0.291857 0.218917
3 0.744 0.516504 0.0672683 0.0668573
1 0.519388 0.216256 0.144086 0.144681
2 0.505034 0.301739 0.170992 0.318882
3 0.679224 0.602753 0.0682745 0.0944864
3 0.44512 0.858162 0.0790625 0.0789211
3 0.742355 0.366753 0.0707543 0.0651115
3 0.452252 0.429355 0.0700323 0.0954649
3 0.164413 0.610607 0.0943309 0.0912089
3 0.678317 0.427177 0.0668441 0.0918156
5 0.26454 0.872042 0.167174 0.0549194
4 0.0720133 0.618314 0.0663489 0.0932963
7 0.503882 0.134479 0.133438 0.0231119
7 0.721303 0.0764501 0.137007 0.0202784
7 0.885773 0.362594 0.015855 0.0621585
7 0.887245 0.549016 0.0209919 0.064684
7 0.292215 0.181638 0.22497 0.0196167
1 0.46409 0.703833 0.0843391 0.167934
7 0.716971 0.716979 0.0196424 0.139021
7 0.71757 0.686458 0.0195423 0.0786311
