2 0.605339 0.649864 0.280583 0.290933
2 0.55399 0.322139 0.258223 0.195882
1 0.621207 0.292594 0.124116 0.140814
0 0.847763 0.734874 0.175766 0.242682
2 0.812543 0.321515 0.237665 0.194524
1 0.847413 0.270897 0.176173 0.0933394
5 0.416154 0.149722 0.320318 0.126286
6 0.28643 0.63067 0.336877 0.321396
1 0.555073 0.670439 0.181131 0.121005
0 0.861349 0.518624 0.153156 0.174327
3 0.705861 0.531593 0.0896829 0.0765698
3 0.498045 0.394104 0.0896356 0.0735382
3 0.788155 0.767971 0.0860737 0.0571863
3 0.735863 0.390321 0.0872815 0.0708036
3 0.628567 0.176501 0.110167 0.0703849
3 0.814886 0.458376 0.0851179 0.0577716
3 0.165366 0.166694 0.137921 0.0961996
4 0.0444463 0.164923 0.0597824 0.0530803
7 0.86038 0.881629 0.0835842 0.0515373
7 0.638338 0.217267 0.0874645 0.01443
7 0.637815 0.80083 0.217024 0.0244495
7 0.266998 0.801977 0.263821 0.0192667
7 0.831066 0.216785 0.138851 0.0147531
