0 0.801408 0.401984 0.161066 0.134403
2 0.504434 0.303195 0.177025 0.324354
2 0.743188 0.201638 0.274147 0.23769
1 0.808549 0.197427 0.1454 0.146455
1 0.517447 0.215376 0.150096 0.14951
3 0.678983 0.601673 0.0700252 0.0931864
6 0.270563 0.349215 0.273804 0.317006
3 0.45249 0.429325 0.0693089 0.0945007
3 0.742192 0.366684 0.0700252 0.069698
0 0.801706 0.545475 0.163528 0.122527
3 0.16353 0.609956 0.0871408 0.0905382
3 0.677372 0.427487 0.0678121 0.0918756
3 0.446773 0.857285 0.0799309 0.0780501
3 0.74426 0.516738 0.0678927 0.0681128
2 0.565531 0.679972 0.290789 0.210094
4 0.0729675 0.617677 0.060972 0.0955375
7 0.72 0.0756671 0.134661 0.0204592
7 0.718001 0.714549 0.0160009 0.134489
7 0.290144 0.179503 0.235947 0.0182597
7 0.886798 0.549907 0.0172582 0.064186
1 0.464009 0.701676 0.085173 0.174469
7 0.885671 0.363645 0.0168654 0.0644864
7 0.505385 0.132224 0.133586 0.018756
