2 0.704265 0.443683 0.296915 0.2943
6 0.664564 0.757594 0.285889 0.312871
2 0.352609 0.236254 0.221844 0.291602
2 0.591224 0.162249 0.242676 0.256157
1 0.633827 0.158631 0.160359 0.165166
0 0.786164 0.162193 0.128839 0.253692
0 0.352026 0.465331 0.221845 0.141711
1 0.717232 0.495231 0.135527 0.185543
1 0.321411 0.207565 0.159462 0.156521
3 0.508444 0.251116 0.0749346 0.098731
3 0.811786 0.255026 0.0704611 0.08406
3 0.436236 0.433278 0.0723908 0.0772318
3 0.306986 0.835451 0.104153 0.109773
3 0.432723 0.338181 0.08426 0.0870279
3 0.58681 0.339808 0.0831808 0.0838225
4 0.21151 0.836465 0.0600135 0.099071
5 0.195797 0.651588 0.193254 0.206992
3 0.194317 0.496941 0.0742491 0.0909902
3 0.263588 0.588641 0.0824458 0.0869549
3 0.346534 0.426409 0.0649858 0.0649034
7 0.872853 0.194228 0.0483231 0.0613051
7 0.858301 0.443421 0.0215895 0.156419
7 0.599912 0.0296389 0.134375 0.0213602
7 0.351885 0.0860571 0.132998 0.022952
7 0.812546 0.755812 0.0178856 0.237463
7 0.237725 0.43133 0.0187826 0.0776646
7 0.929298 0.193891 0.027986 0.126385
